precinct_id,early_vote_site_id
77010001,3301
77010002,3301
77010003,3301
77010004,3301
77010005,3301
77010006,3301
77010007,3301
77010008,3301
77010010,3301
77010011,3301
77010012,3301
77010013,3301
77010014,3301
77010016,3301
77010017,3301
77010018,3301
77010019,3301
77020110,3302
77020120,3302
77020140,3302
77020220,3302
77020230,3302
77020310,3302
77020330,3302
77030001,3303
77030002,3303
77030003,3303
77030006,3303
77030007,3303
77030008,3303
77030009,3303
77030010,3303
77030011,3303
77030012,3303
77030013,3303
77030014,3303
77030015,3303
77030016,3303
77030017,3303
77030018,3303
77030019,3303
77040011,3304
77040013,3304
77040023,3304
77040025,3304
77040026,3304
77040031,3304
77040033,3304
77050111,3305
77050112,3305
77050115,3305
77050141,3305
77050231,3305
77050232,3305
77050235,3305
77050242,3305
77050320,3305
77050330,3305
77050332,3305
77050333,3305
77050343,3305
77060002,3306
77060007,3306
77060010,3306
77060011,3306
77060012,3306
77060016,3306
77060017,3306
77060020,3306
77060022,3306
77070003,3307
77070004,3307
77070005,3307
77070008,3307
77070010,3307
77070011,3307
77070013,3307
77070014,3307
77070015,3307
77070017,3307
77070018,3307
77070019,3307
77070020,3307
77070021,3307
77070022,3307
77070023,3307
77070025,3307
77070026,3307
77070027,3307
77070028,3307
77070029,3307
77070033,3307
77080012,3308
77080022,3308
77080031,3308
77080041,3308
77080051,3308
77080102,3308
77080509,3308
77080510,3308
77080511,3308
77080712,3308
77080715,3308
77080810,3308
77080811,3308
77080812,3308
77081009,3308
77081010,3308
77081011,3308
77081013,3308
77081111,3308
77081213,3308
77090100,3309
77090102,3309
77090106,3309
77090107,3309
77090109,3309
77090114,3309
77090116,3309
77090124,3309
77090200,3309
77090201,3309
77090202,3309
77090204,3309
77090206,3309
77090208,3309
77090209,3309
77090210,3309
77090211,3309
77090214,3309
77090215,3309
77090216,3309
77090217,3309
77090218,3309
77090220,3309
77090221,3309
77090223,3309
77090224,3309
77090225,3309
77090226,3309
77090227,3309
77090228,3309
77090300,3309
77090301,3309
77090302,3309
77090303,3309
77090304,3309
77090306,3309
77090308,3309
77090309,3309
77090398,3309
77090399,3309
77090400,3309
77090403,3309
77090404,3309
77090406,3309
77090408,3309
77090409,3309
77090502,3309
77090503,3309
77090504,3309
77090506,3309
77100001,3310
77100002,3310
77100007,3310
77100011,3310
77100014,3310
77100015,3310
77100017,3310
77100019,3310
77100020,3310
77100024,3310
77100025,3310
77100026,3310
77100030,3310
77100031,3310
77100032,3310
77100033,3310
77100034,3310
77100039,3310
77100041,3310
77100051,3310
77100052,3310
77100061,3310
77100062,3310
77100063,3310
77100071,3310
77110001,3311
77110002,3311
77110003,3311
77110004,3311
77110005,3311
77110006,3311
77110007,3311
77110008,3311
77110009,3311
77110010,3311
77110011,3311
77110012,3311
77110013,3311
77110014,3311
77110015,3311
77110016,3311
77110017,3311
77110018,3311
77110019,3311
77110020,3311
77110021,3311
77110022,3311
77110023,3311
77110025,3311
77120101,3312
77120104,3312
77120105,3312
77120106,3312
77120207,3312
77120208,3312
77120209,3312
77120210,3312
77120211,3312
77120214,3312
77120215,3312
77120316,3312
77120318,3312
77120319,3312
77120320,3312
77120321,3312
77120322,3312
77130002,3313
77130003,3313
77130004,3313
77130005,3313
77130006,3313
77130007,3313
77140002,3314
77140003,3314
77140004,3314
77140005,3314
77140006,3314
77140007,3314
77140008,3314
77140009,3314
77140010,3314
77140011,3314
77140012,3314
77140013,3314
77140014,3314
77140015,3314
77140016,3314
77140017,3314
77140018,3314
77140019,3314
77140020,3314
77140021,3314
77140022,3314
77140024,3314
77140025,3314
77140026,3314
77140027,3314
77140028,3314
77140029,3314
77140030,3314
77140032,3314
77140034,3314
77140035,3314
77140036,3314
77140037,3314
77140038,3314
77140039,3314
77140040,3314
77140041,3314
77140042,3314
77140043,3314
77140044,3314
77140045,3314
77140047,3314
77140048,3314
77140049,3314
77140050,3314
77140051,3314
77140053,3314
77140054,3314
77140055,3314
77140056,3314
77140057,3314
77140058,3314
77140059,3314
77140060,3314
77140061,3314
77140063,3314
77140064,3314
77140065,3314
77140067,3314
77140068,3314
77140069,3314
77140070,3314
77140071,3314
77140072,3314
77140073,3314
77140074,3314
77140076,3314
77140077,3314
77140078,3314
77140080,3314
77140081,3314
77140082,3314
77140083,3314
77140086,3314
77140087,3314
77140088,3314
77140089,3314
77140090,3314
77140091,3314
77140092,3314
77140093,3314
77140094,3314
77140095,3314
77150002,3315
77150003,3315
77150004,3315
77150005,3315
77150006,3315
77150007,3315
77150009,3315
77150010,3315
77150011,3315
77160001,3316
77160002,3316
77160003,3316
77160007,3316
77160008,3316
77160009,3316
77160011,3316
77160013,3316
77160014,3316
77160015,3316
77160017,3316
77160019,3316
77160020,3316
77160021,3316
77160025,3316
77160026,3316
77160027,3316
77160029,3316
77160030,3316
77160031,3316
77160032,3316
77160033,3316
77160034,3316
77160035,3316
77160036,3316
77160037,3316
77160038,3316
77160039,3316
77160040,3316
77160041,3316
77160042,3316
77160043,3316
77160045,3316
77160046,3316
77160048,3316
77160049,3316
77160050,3316
77160051,3316
77160053,3316
77170001,3317
77170003,3317
77170004,3317
77170005,3317
77170007,3317
77170008,3317
77170009,3317
77170010,3317
77170011,3317
77180140,3318
77180320,3318
77180410,3318
77180520,3318
77180611,3318
77180612,3318
77180621,3318
77180622,3318
77180710,3318
77180810,3318
77180820,3318
77180910,3318
77190111,3319
77190112,3319
77190121,3319
77190122,3319
77190131,3319
77190132,3319
77190142,3319
77190143,3319
77190211,3319
77190221,3319
77190231,3319
77190241,3319
77190311,3319
77190401,3319
77190402,3319
77190403,3319
77190404,3319
77190405,3319
77190406,3319
77190407,3319
77190408,3319
77190409,3319
77190410,3319
77190411,3319
77190412,3319
77190413,3319
77190414,3319
77190415,3319
77190416,3319
77190417,3319
77190418,3319
77190419,3319
77190420,3319
77190421,3319
77190422,3319
77200001,3320
77200003,3320
77200005,3320
77200007,3320
77200012,3320
77200013,3320
77200018,3320
77200019,3320
77200020,3320
77200021,3320
77200022,3320
77200023,3320
77200026,3320
77210001,3321
77210002,3321
77210003,3321
77210004,3321
77210005,3321
77210006,3321
77210007,3321
77210008,3321
77210009,3321
77210010,3321
77210011,3321
77210012,3321
77210014,3321
77210015,3321
77210016,3321
77210017,3321
77210018,3321
77210019,3321
77210020,3321
77210021,3321
77210022,3321
77210023,3321
77220001,3322
77220002,3322
77220003,3322
77220004,3322
77220005,3322
77220007,3322
77220008,3322
77220009,3322
77220010,3322
77230001,3323
77230003,3323
77230004,3323
77230006,3323
77230007,3323
77230008,3323
77230009,3323
77240101,3324
77240102,3324
77240103,3324
77240104,3324
77240105,3324
77240106,3324
77240107,3324
77240108,3324
77240109,3324
77240110,3324
77240201,3324
77240202,3324
77240203,3324
77240204,3324
77240206,3324
77240207,3324
77240208,3324
77240210,3324
77240211,3324
77240212,3324
77240301,3324
77240302,3324
77240304,3324
77240305,3324
77240306,3324
77240307,3324
77240308,3324
77240309,3324
77240310,3324
77240311,3324
77250001,3325
77250002,3325
77250003,3325
77250005,3325
77250006,3325
77250007,3325
77250008,3325
77250009,3325
77250013,3325
77250015,3325
77250016,3325
77250017,3325
77250018,3325
77250020,3325
77250021,3325
77250024,3325
77250025,3325
77260001,3326
77260002,3326
77260003,3326
77260005,3326
77260006,3326
77260008,3326
77260009,3326
77260011,3326
77260016,3326
77260017,3326
77260020,3326
77260021,3326
77260023,3326
77260025,3326
77260026,3326
77260027,3326
77260028,3326
77260029,3326
77260031,3326
77260032,3326
77260033,3326
77260035,3326
77260036,3326
77260037,3326
77260038,3326
77260039,3326
77260040,3326
77260041,3326
77270011,3327
77270017,3327
77270023,3327
77270025,3327
77270026,3327
77270029,3327
77270030,3327
77280101,3328
77280102,3328
77280103,3328
77280105,3328
77280106,3328
77280202,3328
77280203,3328
77280302,3328
77290101,3329
77290102,3329
77290201,3329
77290203,3329
77290204,3329
77290301,3329
77290302,3329
77300201,3330
77300203,3330
77300301,3330
77300302,3330
77300303,3330
77300402,3330
77310007,3331
77310009,3331
77310011,3331
77310015,3331
77310016,3331
77310019,3331
77310023,3331
77310027,3331
77310030,3331
77310031,3331
77310032,3331
77320010,3332
77320011,3332
77320012,3332
77320016,3332
77320018,3332
77320019,3332
77320020,3332
77320021,3332
77320022,3332
77320023,3332
77320030,3332
77320031,3332
77320032,3332
77320033,3332
77320034,3332
77320035,3332
77330001,3333
77330002,3333
77330003,3333
77330006,3333
77330007,3333
77330010,3333
77330014,3333
77330016,3333
77330017,3333
77330018,3333
77330019,3333
77330020,3333
77330021,3333
77330023,3333
77330024,3333
77340001,3334
77340002,3334
77340003,3334
77340004,3334
77340005,3334
77340006,3334
77340007,3334
77340008,3334
77340009,3334
77340010,3334
77350001,3335
77350002,3335
77350003,3335
77350004,3335
77350005,3335
77350006,3335
77350007,3335
77350008,3335
77350009,3335
77350010,3335
77350011,3335
77350012,3335
77350013,3335
77350014,3335
77360001,3336
77360101,3336
77360103,3336
77360202,3336
77360205,3336
77360206,3336
77360400,3336
77360401,3336
77360403,3336
77360404,3336
77360406,3336
77360407,3336
77360409,3336
77360411,3336
77360412,3336
77360413,3336
77360419,3336
77360420,3336
77360503,3336
77360507,3336
77360516,3336
77360517,3336
77360527,3336
77360530,3336
77360532,3336
77360533,3336
77360534,3336
77360535,3336
77370101,3337
77370102,3337
77370103,3337
77370105,3337
77370106,3337
77370201,3337
77370203,3337
77370204,3337
77370301,3337
77370302,3337
77370303,3337
77370304,3337
77370305,3337
77370306,3337
77380001,3338
77380002,3338
77380004,3338
77380005,3338
77380006,3338
77380007,3338
77380008,3338
77380009,3338
77380010,3338
77380011,3338
77380014,3338
77380015,3338
77380016,3338
77380022,3338
77390001,3339
77390002,3339
77390003,3339
77390004,3339
77390005,3339
77390006,3339
77390007,3339
77390008,3339
77390009,3339
77390010,3339
77390011,3339
77390012,3339
77400101,3340
77400102,3340
77400103,3340
77400104,3340
77400105,3340
77400106,3340
77400107,3340
77400108,3340
77400109,3340
77400110,3340
77400111,3340
77400112,3340
77400113,3340
77400114,3340
77400201,3340
77400202,3340
77400203,3340
77400204,3340
77400205,3340
77400207,3340
77400208,3340
77400210,3340
77400211,3340
77400212,3340
77400213,3340
77400214,3340
77400215,3340
77400301,3340
77400302,3340
77400303,3340
77400304,3340
77400305,3340
77400306,3340
77400309,3340
77400310,3340
77400311,3340
77400312,3340
77410001,3341
77410002,3341
77410003,3341
77410004,3341
77410005,3341
77410006,3341
77410007,3341
77410008,3341
77410009,3341
77410010,3341
77410011,3341
77410012,3341
77410013,3341
77410015,3341
77410016,3341
77410017,3341
77410018,3341
77410019,3341
77410020,3341
77410021,3341
77410022,3341
77420101,3342
77420102,3342
77420103,3342
77420104,3342
77420105,3342
77420106,3342
77420201,3342
77420203,3342
77420204,3342
77420205,3342
77420206,3342
77420207,3342
77420301,3342
77420302,3342
77420303,3342
77420304,3342
77420305,3342
77420306,3342
77420307,3342
77420308,3342
77420309,3342
77420310,3342
77430101,3343
77430102,3343
77430103,3343
77430204,3343
77430205,3343
77430206,3343
77430207,3343
77430208,3343
77430310,3343
77430311,3343
77430312,3343
77430313,3343
77440001,3344
77440002,3344
77440003,3344
77440004,3344
77440005,3344
77440006,3344
77440007,3344
77440008,3344
77440009,3344
77440010,3344
77440011,3344
77440012,3344
77440013,3344
77440014,3344
77440015,3344
77440016,3344
77440017,3344
77440018,3344
77440019,3344
77440020,3344
77440021,3344
77440023,3344
77440024,3344
77440026,3344
77440027,3344
77440028,3344
77450002,3345
77450004,3345
77450005,3345
77450006,3345
77450008,3345
77450009,3345
77450011,3345
77450012,3345
77450013,3345
77450014,3345
77450015,3345
77450017,3345
77450018,3345
77450019,3345
77450020,3345
77450022,3345
77450023,3345
77450024,3345
77450025,3345
77450026,3345
77450027,3345
77450028,3345
77450029,3345
77450031,3345
77450033,3345
77450034,3345
77450035,3345
77450036,3345
77450037,3345
77450038,3345
77460102,3346
77460103,3346
77460104,3346
77460201,3346
77460203,3346
77460205,3346
77460307,3346
77460310,3346
77460311,3346
77460312,3346
77460313,3346
77460314,3346
77460315,3346
77460316,3346
77470002,3347
77470004,3347
77470009,3347
77470010,3347
77470015,3347
77470016,3347
77470020,3347
77470022,3347
77480101,3348
77480102,3348
77480105,3348
77480106,3348
77480201,3348
77480202,3348
77480204,3348
77480206,3348
77480302,3348
77480303,3348
77480304,3348
77490011,3349
77490012,3349
77490014,3349
77490015,3349
77490016,3349
77490020,3349
77490021,3349
77490022,3349
77490023,3349
77490024,3349
77490025,3349
77490026,3349
77490027,3349
77490031,3349
77490034,3349
77490036,3349
77490037,3349
77490038,3349
77490039,3349
77490101,3349
77490121,3349
77490122,3349
77490130,3349
77490132,3349
77490241,3349
77490242,3349
77490311,3349
77500004,3350
77500005,3350
77500007,3350
77500009,3350
77500012,3350
77500014,3350
77500015,3350
77500017,3350
77500018,3350
77500020,3350
77510005,3351
77510007,3351
77510009,3351
77510011,3351
77510013,3351
77510017,3351
77510021,3351
77510022,3351
77510023,3351
77510028,3351
77510033,3351
77510036,3351
77510037,3351
77510038,3351
77510040,3351
77510041,3351
77510044,3351
77510045,3351
77510046,3351
77510047,3351
77510049,3351
77510050,3351
77510051,3351
77510052,3351
77510053,3351
77510055,3351
77510056,3351
77510057,3351
77510058,3351
77510059,3351
77510060,3351
77510061,3351
77510064,3351
77520101,3352
77520102,3352
77520103,3352
77520104,3352
77520105,3352
77520106,3352
77520201,3352
77520202,3352
77520203,3352
77520301,3352
77520305,3352
77520307,3352
77530101,3353
77530102,3353
77530103,3353
77530201,3353
77530202,3353
77530203,3353
77530204,3353
77530301,3353
77530302,3353
77530303,3353
77530304,3353
77540101,3354
77540102,3354
77540103,3354
77540105,3354
77540206,3354
77540207,3354
77540208,3354
77540209,3354
77540210,3354
77540311,3354
77540312,3354
77540313,3354
77540314,3354
77550001,3355
77550002,3355
77550003,3355
77550004,3355
77550005,3355
77550006,3355
77550007,3355
77550008,3355
77550009,3355
77550010,3355
77550011,3355
77550012,3355
77550013,3355
77550014,3355
77550015,3355
77550016,3355
77550017,3355
77550018,3355
77550019,3355
77550020,3355
77550021,3355
77550022,3355
77550023,3355
77550024,3355
77550025,3355
77550026,3355
77550027,3355
77550028,3355
77550029,3355
77550030,3355
77550031,3355
77550032,3355
77550033,3355
77550034,3355
77550035,3355
77550036,3355
77550037,3355
77550038,3355
77550039,3355
77550040,3355
77550041,3355
77550042,3355
77550043,3355
77550044,3355
77550045,3355
77550046,3355
77550047,3355
77550048,3355
77550049,3355
77550050,3355
77550051,3355
77550052,3355
77550053,3355
77550054,3355
77550055,3355
77550056,3355
77550057,3355
77550058,3355
77550059,3355
77550060,3355
77550061,3355
77550062,3355
77550063,3355
77550064,3355
77550065,3355
77550066,3355
77550067,3355
77550068,3355
77550069,3355
77550070,3355
77550071,3355
77550072,3355
77550073,3355
77550074,3355
77550075,3355
77550076,3355
77550077,3355
77550078,3355
77550079,3355
77550080,3355
77550081,3355
77550082,3355
77550083,3355
77550084,3355
77550085,3355
77550086,3355
77550087,3355
77550088,3355
77550089,3355
77550090,3355
77550091,3355
77550092,3355
77550093,3355
77550094,3355
77550095,3355
77550096,3355
77550097,3355
77550098,3355
77550099,3355
77550100,3355
77550101,3355
77550102,3355
77550103,3355
77550104,3355
77550105,3355
77550106,3355
77550107,3355
77550108,3355
77550109,3355
77550110,3355
77550111,3355
77550112,3355
77550113,3355
77550114,3355
77550115,3355
77550116,3355
77550117,3355
77550118,3355
77550119,3355
77550120,3355
77550121,3355
77550122,3355
77550123,3355
77550124,3355
77550125,3355
77550126,3355
77550127,3355
77550128,3355
77550129,3355
77550130,3355
77550131,3355
77550132,3355
77550133,3355
77550134,3355
77550135,3355
77550136,3355
77550137,3355
77550138,3355
77550139,3355
77550140,3355
77550141,3355
77550142,3355
77550143,3355
77550144,3355
77550145,3355
77550146,3355
77550147,3355
77550148,3355
77550149,3355
77550150,3355
77550151,3355
77550152,3355
77550153,3355
77550154,3355
77550155,3355
77550156,3355
77550157,3355
77550158,3355
77550159,3355
77550160,3355
77550161,3355
77550162,3355
77550163,3355
77550164,3355
77550165,3355
77550166,3355
77550167,3355
77550168,3355
77550169,3355
77550170,3355
77550171,3355
77550172,3355
77550173,3355
77550174,3355
77550175,3355
77550176,3355
77550177,3355
77550178,3355
77550179,3355
77550180,3355
77550181,3355
77550182,3355
77550183,3355
77550184,3355
77550185,3355
77550186,3355
77550187,3355
77550188,3355
77550189,3355
77550190,3355
77550191,3355
77550192,3355
77550193,3355
77550194,3355
77550195,3355
77550196,3355
77550197,3355
77550198,3355
77550199,3355
77550200,3355
77550201,3355
77550202,3355
77550203,3355
77550204,3355
77550205,3355
77550206,3355
77550207,3355
77550208,3355
77550209,3355
77550210,3355
77550211,3355
77550212,3355
77550213,3355
77550214,3355
77550215,3355
77550216,3355
77550217,3355
77550218,3355
77550219,3355
77550220,3355
77550221,3355
77550222,3355
77550223,3355
77550224,3355
77550225,3355
77550226,3355
77550227,3355
77550228,3355
77550229,3355
77550230,3355
77550231,3355
77550232,3355
77550233,3355
77550234,3355
77550235,3355
77550236,3355
77550237,3355
77550238,3355
77550239,3355
77550240,3355
77550241,3355
77550242,3355
77550243,3355
77550244,3355
77550245,3355
77550246,3355
77550247,3355
77550248,3355
77550249,3355
77550250,3355
77550251,3355
77550252,3355
77550253,3355
77550254,3355
77550255,3355
77550256,3355
77550257,3355
77560001,3356
77560002,3356
77560004,3356
77560005,3356
77560006,3356
77560007,3356
77560008,3356
77560009,3356
77560010,3356
77560011,3356
77560012,3356
77560013,3356
77560014,3356
77560015,3356
77560016,3356
77560018,3356
77560019,3356
77560020,3356
77560021,3356
77560026,3356
77560027,3356
77560029,3356
77560031,3356
77560032,3356
77560033,3356
77560034,3356
77560035,3356
77560036,3356
77560038,3356
77570101,3357
77570102,3357
77570103,3357
77570105,3357
77570106,3357
77570107,3357
77570108,3357
77570109,3357
77570110,3357
77570111,3357
77570112,3357
77570113,3357
77570201,3357
77570202,3357
77570203,3357
77570204,3357
77570205,3357
77570301,3357
77570302,3357
77570303,3357
77570305,3357
77570306,3357
77570307,3357
77570308,3357
77570309,3357
77570310,3357
77570311,3357
77570312,3357
77580002,3358
77580003,3358
77580004,3358
77580005,3358
77580007,3358
77580008,3358
77580009,3358
77580011,3358
77580012,3358
77580014,3358
77580023,3358
77580024,3358
77580025,3358
77580026,3358
77580028,3358
77580031,3358
77580034,3358
77590104,3359
77590111,3359
77590112,3359
77590118,3359
77590202,3359
77590215,3359
77590217,3359
77590307,3359
77590309,3359
77590314,3359
77600001,3360
77600002,3360
77600003,3360
77600004,3360
77600005,3360
77600006,3360
77600007,3360
77600008,3360
77600009,3360
77600010,3360
77600011,3360
77600012,3360
77600013,3360
77600014,3360
77600015,3360
77600016,3360
77600101,3360
77600102,3360
77600103,3360
77600104,3360
77600201,3360
77600301,3360
77600401,3360
77600402,3360
77600403,3360
77600404,3360
77600405,3360
77600406,3360
77600407,3360
77600408,3360
77600409,3360
77610001,3361
77610003,3361
77610004,3361
77610005,3361
77610006,3361
77610007,3361
77610008,3361
77610011,3361
77610014,3361
77610015,3361
77610019,3361
77610020,3361
77610021,3361
77610023,3361
77610026,3361
77610027,3361
77610028,3361
77610029,3361
77610030,3361
77610031,3361
77610032,3361
77610033,3361
77610034,3361
77610035,3361
77610036,3361
77610037,3361
77610038,3361
77610039,3361
77610040,3361
77610041,3361
77610042,3361
77610043,3361
77610044,3361
77610045,3361
77610046,3361
77610047,3361
77610048,3361
77610049,3361
77610051,3361
77610052,3361
77610053,3361
77620013,3362
77620016,3362
77620022,3362
77620025,3362
77620031,3362
77620051,3362
77620052,3362
77620053,3362
77620054,3362
77620055,3362
77620056,3362
77620058,3362
77620059,3362
77620060,3362
77620061,3362
77620062,3362
77620063,3362
77620064,3362
77620065,3362
77620066,3362
77620067,3362
77630001,3363
77630002,3363
77630003,3363
77630006,3363
77630007,3363
77630009,3363
77630011,3363
77630012,3363
77630013,3363
77630015,3363
77630018,3363
77630021,3363
77630022,3363
77630024,3363
77630025,3363
77630026,3363
77630027,3363
77630029,3363
77630030,3363
77630031,3363
77630033,3363
77630037,3363
77630038,3363
77630040,3363
77630041,3363
77630042,3363
77640001,3364
77640002,3364
77640003,3364
77640004,3364
77640005,3364
77640007,3364
77640008,3364
77640009,3364
77640010,3364
77640011,3364
77640012,3364
77640013,3364
77640014,3364
77640015,3364
77640016,3364
77640017,3364
77650101,3365
77650102,3365
77650103,3365
77650201,3365
77650202,3365
77650203,3365
77650301,3365
77650302,3365
77650303,3365
77660001,3366
77660002,3366
77660003,3366
77660004,3366
77660005,3366
77660006,3366
77660007,3366
77660008,3366
77660009,3366
77660010,3366
77660011,3366
77660012,3366
77660013,3366
77660014,3366
77660015,3366
77660017,3366
77660018,3366
77660019,3366
77660020,3366
77660021,3366
77660022,3366
77660023,3366
77660024,3366
77660025,3366
77660026,3366
77660027,3366
77660029,3366
77660030,3366
77660031,3366
77660032,3366
77660033,3366
77660110,3366
77660116,3366
77660120,3366
77660128,3366
77660130,3366
77670010,3367
77670012,3367
77670014,3367
77670015,3367
77670020,3367
77670022,3367
77670023,3367
77670024,3367
77670025,3367
77670030,3367
77670032,3367
77670033,3367
77670034,3367
77670035,3367
77680101,3368
77680102,3368
77680103,3368
77680104,3368
77680105,3368
77680106,3368
77680201,3368
77680202,3368
77680203,3368
77680204,3368
77680205,3368
77680206,3368
77680207,3368
77680208,3368
77680209,3368
77680210,3368
77680301,3368
77680302,3368
77680303,3368
77680304,3368
77680305,3368
77680306,3368
77680307,3368
77680308,3368
77680309,3368
77680310,3368
77690001,3369
77690003,3369
77690004,3369
77690008,3369
77690012,3369
77690013,3369
77690014,3369
77690015,3369
77690016,3369
77690019,3369
77690032,3369
77690033,3369
77690041,3369
77690049,3369
77690050,3369
77690051,3369
77690052,3369
77690053,3369
77690054,3369
77690055,3369
77690056,3369
77690057,3369
77690058,3369
77690059,3369
77690060,3369
77690061,3369
77690062,3369
77690063,3369
77700101,3370
77700102,3370
77700104,3370
77700107,3370
77700201,3370
77700202,3370
77700205,3370
77700302,3370
77700303,3370
77700304,3370
77700305,3370
77710001,3371
77710002,3371
77710003,3371
77710004,3371
77710006,3371
77710007,3371
77710009,3371
77710010,3371
77710012,3371
77720001,3372
77720002,3372
77720003,3372
77720004,3372
77720005,3372
77720006,3372
77720007,3372
77720008,3372
77720009,3372
77720010,3372
77720011,3372
77720012,3372
77720013,3372
77720014,3372
77720015,3372
77720016,3372
77720017,3372
77720018,3372
77720019,3372
77720020,3372
77720021,3372
77720022,3372
77720023,3372
77720024,3372
77720025,3372
77720026,3372
77720027,3372
77720028,3372
77720029,3372
77720030,3372
77720031,3372
77720032,3372
77720033,3372
77720034,3372
77720035,3372
77720036,3372
77720037,3372
77720038,3372
77720039,3372
77720040,3372
77720041,3372
77720042,3372
77720043,3372
77720044,3372
77720045,3372
77720046,3372
77720047,3372
77720048,3372
77720049,3372
77720050,3372
77720051,3372
77720052,3372
77720053,3372
77720054,3372
77720055,3372
77720056,3372
77720057,3372
77720058,3372
77720059,3372
77720060,3372
77720061,3372
77720062,3372
77720063,3372
77720064,3372
77720065,3372
77720066,3372
77720067,3372
77720068,3372
77720069,3372
77720070,3372
77720071,3372
77720072,3372
77720073,3372
77720074,3372
77720075,3372
77720076,3372
77720077,3372
77720078,3372
77720079,3372
77720080,3372
77720081,3372
77720082,3372
77720083,3372
77720084,3372
77720085,3372
77720086,3372
77720087,3372
77720088,3372
77720089,3372
77720090,3372
77720091,3372
77720092,3372
77720093,3372
77720094,3372
77720095,3372
77720096,3372
77720097,3372
77720098,3372
77720099,3372
77720100,3372
77720101,3372
77720102,3372
77720103,3372
77720104,3372
77720105,3372
77720106,3372
77720107,3372
77720108,3372
77720109,3372
77720110,3372
77720111,3372
77720112,3372
77720113,3372
77720114,3372
77720115,3372
77720116,3372
77720117,3372
77720118,3372
77720119,3372
77720120,3372
77720121,3372
77720122,3372
77720123,3372
77720124,3372
77720125,3372
77720126,3372
77720127,3372
77720128,3372
77720129,3372
77720130,3372
77720131,3372
77720132,3372
77720133,3372
77720134,3372
77720135,3372
77720136,3372
77720137,3372
77720138,3372
77720139,3372
77720140,3372
77720141,3372
77720142,3372
77720143,3372
77720144,3372
77720145,3372
77720146,3372
77720147,3372
77720148,3372
77720149,3372
77720150,3372
77720151,3372
77720152,3372
77720153,3372
77720154,3372
77720155,3372
77720156,3372
77720157,3372
77720158,3372
77720159,3372
77720160,3372
77720161,3372
77720162,3372
77720163,3372
77720164,3372
77720165,3372
77720166,3372
77720167,3372
77720168,3372
77720169,3372
77720170,3372
77720171,3372
77720172,3372
77720173,3372
77720174,3372
77720175,3372
77720176,3372
77720351,3372
77720352,3372
77720353,3372
77720354,3372
77720355,3372
77720356,3372
77720400,3372
77720401,3372
77720402,3372
77720403,3372
77720404,3372
77720405,3372
77720406,3372
77720407,3372
77720408,3372
77720409,3372
77720410,3372
77720411,3372
77720451,3372
77720452,3372
77720453,3372
77720454,3372
77720455,3372
77720456,3372
77720457,3372
77720458,3372
77720459,3372
77720460,3372
77720461,3372
77720462,3372
77720463,3372
77720464,3372
77720465,3372
77720466,3372
77720467,3372
77720468,3372
77720469,3372
77720470,3372
77720471,3372
77720472,3372
77720473,3372
77720474,3372
77720475,3372
77720476,3372
77720501,3372
77720502,3372
77720503,3372
77720504,3372
77720551,3372
77720552,3372
77720553,3372
77720700,3372
77720701,3372
77720702,3372
77720703,3372
77720704,3372
77720705,3372
77720706,3372
77720707,3372
77720708,3372
77720709,3372
77720710,3372
77720750,3372
77720751,3372
77720752,3372
77720753,3372
77720754,3372
77720755,3372
77720756,3372
77720757,3372
77720758,3372
77720759,3372
77720760,3372
77720801,3372
77720802,3372
77720851,3372
77720852,3372
77720853,3372
77720854,3372
77720855,3372
77720856,3372
77720857,3372
77720858,3372
77720880,3372
77720881,3372
77720900,3372
77730101,3373
77730102,3373
77730103,3373
77730104,3373
77730105,3373
77730106,3373
77730107,3373
77730108,3373
77730109,3373
77730201,3373
77730202,3373
77730203,3373
77730204,3373
77730205,3373
77730206,3373
77730207,3373
77730208,3373
77730209,3373
77730210,3373
77730301,3373
77730302,3373
77730303,3373
77730304,3373
77730305,3373
77730306,3373
77730307,3373
77730308,3373
77730309,3373
77730310,3373
77730311,3373
77730312,3373
77730313,3373
77740011,3374
77740012,3374
77740013,3374
77740015,3374
77740022,3374
77740027,3374
77740028,3374
77740031,3374
77740033,3374
77740046,3374
77740048,3374
77740051,3374
77740054,3374
77740062,3374
77740071,3374
77740073,3374
77740074,3374
77740075,3374
77740076,3374
77740077,3374
77740078,3374
77740079,3374
77740711,3374
77750003,3375
77750004,3375
77750007,3375
77750009,3375
77750012,3375
77750014,3375
77750016,3375
77750017,3375
77750018,3375
77750019,3375
77750020,3375
77750030,3375
77760001,3376
77760002,3376
77760003,3376
77760004,3376
77760005,3376
77760007,3376
77760008,3376
77770101,3377
77770102,3377
77770104,3377
77770105,3377
77770106,3377
77770201,3377
77770202,3377
77770203,3377
77770204,3377
77770301,3377
77770302,3377
77770303,3377
77770304,3377
77770306,3377
77770307,3377
77140002,3422686
77140003,3422686
77140004,3422686
77140005,3422686
77140006,3422686
77140007,3422686
77140008,3422686
77140009,3422686
77140010,3422686
77140011,3422686
77140012,3422686
77140013,3422686
77140014,3422686
77140015,3422686
77140016,3422686
77140017,3422686
77140018,3422686
77140019,3422686
77140020,3422686
77140021,3422686
77140022,3422686
77140024,3422686
77140025,3422686
77140026,3422686
77140027,3422686
77140028,3422686
77140029,3422686
77140030,3422686
77140032,3422686
77140034,3422686
77140035,3422686
77140036,3422686
77140037,3422686
77140038,3422686
77140039,3422686
77140040,3422686
77140041,3422686
77140042,3422686
77140043,3422686
77140044,3422686
77140045,3422686
77140047,3422686
77140048,3422686
77140049,3422686
77140050,3422686
77140051,3422686
77140053,3422686
77140054,3422686
77140055,3422686
77140056,3422686
77140057,3422686
77140058,3422686
77140059,3422686
77140060,3422686
77140061,3422686
77140063,3422686
77140064,3422686
77140065,3422686
77140067,3422686
77140068,3422686
77140069,3422686
77140070,3422686
77140071,3422686
77140072,3422686
77140073,3422686
77140074,3422686
77140076,3422686
77140077,3422686
77140078,3422686
77140080,3422686
77140081,3422686
77140082,3422686
77140083,3422686
77140086,3422686
77140087,3422686
77140088,3422686
77140089,3422686
77140090,3422686
77140091,3422686
77140092,3422686
77140093,3422686
77140094,3422686
77140095,3422686
77720001,3422685
77720002,3422685
77720003,3422685
77720004,3422685
77720005,3422685
77720006,3422685
77720007,3422685
77720008,3422685
77720009,3422685
77720010,3422685
77720011,3422685
77720012,3422685
77720013,3422685
77720014,3422685
77720015,3422685
77720016,3422685
77720017,3422685
77720018,3422685
77720019,3422685
77720020,3422685
77720021,3422685
77720022,3422685
77720023,3422685
77720024,3422685
77720025,3422685
77720026,3422685
77720027,3422685
77720028,3422685
77720029,3422685
77720030,3422685
77720031,3422685
77720032,3422685
77720033,3422685
77720034,3422685
77720035,3422685
77720036,3422685
77720037,3422685
77720038,3422685
77720039,3422685
77720040,3422685
77720041,3422685
77720042,3422685
77720043,3422685
77720044,3422685
77720045,3422685
77720046,3422685
77720047,3422685
77720048,3422685
77720049,3422685
77720050,3422685
77720051,3422685
77720052,3422685
77720053,3422685
77720054,3422685
77720055,3422685
77720056,3422685
77720057,3422685
77720058,3422685
77720059,3422685
77720060,3422685
77720061,3422685
77720062,3422685
77720063,3422685
77720064,3422685
77720065,3422685
77720066,3422685
77720067,3422685
77720068,3422685
77720069,3422685
77720070,3422685
77720071,3422685
77720072,3422685
77720073,3422685
77720074,3422685
77720075,3422685
77720076,3422685
77720077,3422685
77720078,3422685
77720079,3422685
77720080,3422685
77720081,3422685
77720082,3422685
77720083,3422685
77720084,3422685
77720085,3422685
77720086,3422685
77720087,3422685
77720088,3422685
77720089,3422685
77720090,3422685
77720091,3422685
77720092,3422685
77720093,3422685
77720094,3422685
77720095,3422685
77720096,3422685
77720097,3422685
77720098,3422685
77720099,3422685
77720100,3422685
77720101,3422685
77720102,3422685
77720103,3422685
77720104,3422685
77720105,3422685
77720106,3422685
77720107,3422685
77720108,3422685
77720109,3422685
77720110,3422685
77720111,3422685
77720112,3422685
77720113,3422685
77720114,3422685
77720115,3422685
77720116,3422685
77720117,3422685
77720118,3422685
77720119,3422685
77720120,3422685
77720121,3422685
77720122,3422685
77720123,3422685
77720124,3422685
77720125,3422685
77720126,3422685
77720127,3422685
77720128,3422685
77720129,3422685
77720130,3422685
77720131,3422685
77720132,3422685
77720133,3422685
77720134,3422685
77720135,3422685
77720136,3422685
77720137,3422685
77720138,3422685
77720139,3422685
77720140,3422685
77720141,3422685
77720142,3422685
77720143,3422685
77720144,3422685
77720145,3422685
77720146,3422685
77720147,3422685
77720148,3422685
77720149,3422685
77720150,3422685
77720151,3422685
77720152,3422685
77720153,3422685
77720154,3422685
77720155,3422685
77720156,3422685
77720157,3422685
77720158,3422685
77720159,3422685
77720160,3422685
77720161,3422685
77720162,3422685
77720163,3422685
77720164,3422685
77720165,3422685
77720166,3422685
77720167,3422685
77720168,3422685
77720169,3422685
77720170,3422685
77720171,3422685
77720172,3422685
77720173,3422685
77720174,3422685
77720175,3422685
77720176,3422685
77720351,3422685
77720352,3422685
77720353,3422685
77720354,3422685
77720355,3422685
77720356,3422685
77720400,3422685
77720401,3422685
77720402,3422685
77720403,3422685
77720404,3422685
77720405,3422685
77720406,3422685
77720407,3422685
77720408,3422685
77720409,3422685
77720410,3422685
77720411,3422685
77720451,3422685
77720452,3422685
77720453,3422685
77720454,3422685
77720455,3422685
77720456,3422685
77720457,3422685
77720458,3422685
77720459,3422685
77720460,3422685
77720461,3422685
77720462,3422685
77720463,3422685
77720464,3422685
77720465,3422685
77720466,3422685
77720467,3422685
77720468,3422685
77720469,3422685
77720470,3422685
77720471,3422685
77720472,3422685
77720473,3422685
77720474,3422685
77720475,3422685
77720476,3422685
77720501,3422685
77720502,3422685
77720503,3422685
77720504,3422685
77720551,3422685
77720552,3422685
77720553,3422685
77720700,3422685
77720701,3422685
77720702,3422685
77720703,3422685
77720704,3422685
77720705,3422685
77720706,3422685
77720707,3422685
77720708,3422685
77720709,3422685
77720710,3422685
77720750,3422685
77720751,3422685
77720752,3422685
77720753,3422685
77720754,3422685
77720755,3422685
77720756,3422685
77720757,3422685
77720758,3422685
77720759,3422685
77720760,3422685
77720801,3422685
77720802,3422685
77720851,3422685
77720852,3422685
77720853,3422685
77720854,3422685
77720855,3422685
77720856,3422685
77720857,3422685
77720858,3422685
77720880,3422685
77720881,3422685
77720900,3422685
77550001,35999999
77550002,35999999
77550003,35999999
77550004,35999999
77550005,35999999
77550006,35999999
77550007,35999999
77550008,35999999
77550009,35999999
77550010,35999999
77550011,35999999
77550012,35999999
77550013,35999999
77550014,35999999
77550015,35999999
77550016,35999999
77550017,35999999
77550018,35999999
77550019,35999999
77550020,35999999
77550021,35999999
77550022,35999999
77550023,35999999
77550024,35999999
77550025,35999999
77550026,35999999
77550027,35999999
77550028,35999999
77550029,35999999
77550030,35999999
77550031,35999999
77550032,35999999
77550033,35999999
77550034,35999999
77550035,35999999
77550036,35999999
77550037,35999999
77550038,35999999
77550039,35999999
77550040,35999999
77550041,35999999
77550042,35999999
77550043,35999999
77550044,35999999
77550045,35999999
77550046,35999999
77550047,35999999
77550048,35999999
77550049,35999999
77550050,35999999
77550051,35999999
77550052,35999999
77550053,35999999
77550054,35999999
77550055,35999999
77550056,35999999
77550057,35999999
77550058,35999999
77550059,35999999
77550060,35999999
77550061,35999999
77550062,35999999
77550063,35999999
77550064,35999999
77550065,35999999
77550066,35999999
77550067,35999999
77550068,35999999
77550069,35999999
77550070,35999999
77550071,35999999
77550072,35999999
77550073,35999999
77550074,35999999
77550075,35999999
77550076,35999999
77550077,35999999
77550078,35999999
77550079,35999999
77550080,35999999
77550081,35999999
77550082,35999999
77550083,35999999
77550084,35999999
77550085,35999999
77550086,35999999
77550087,35999999
77550088,35999999
77550089,35999999
77550090,35999999
77550091,35999999
77550092,35999999
77550093,35999999
77550094,35999999
77550095,35999999
77550096,35999999
77550097,35999999
77550098,35999999
77550099,35999999
77550100,35999999
77550101,35999999
77550102,35999999
77550103,35999999
77550104,35999999
77550105,35999999
77550106,35999999
77550107,35999999
77550108,35999999
77550109,35999999
77550110,35999999
77550111,35999999
77550112,35999999
77550113,35999999
77550114,35999999
77550115,35999999
77550116,35999999
77550117,35999999
77550118,35999999
77550119,35999999
77550120,35999999
77550121,35999999
77550122,35999999
77550123,35999999
77550124,35999999
77550125,35999999
77550126,35999999
77550127,35999999
77550128,35999999
77550129,35999999
77550130,35999999
77550131,35999999
77550132,35999999
77550133,35999999
77550134,35999999
77550135,35999999
77550136,35999999
77550137,35999999
77550138,35999999
77550139,35999999
77550140,35999999
77550141,35999999
77550142,35999999
77550143,35999999
77550144,35999999
77550145,35999999
77550146,35999999
77550147,35999999
77550148,35999999
77550149,35999999
77550150,35999999
77550151,35999999
77550152,35999999
77550153,35999999
77550154,35999999
77550155,35999999
77550156,35999999
77550157,35999999
77550158,35999999
77550159,35999999
77550160,35999999
77550161,35999999
77550162,35999999
77550163,35999999
77550164,35999999
77550165,35999999
77550166,35999999
77550167,35999999
77550168,35999999
77550169,35999999
77550170,35999999
77550171,35999999
77550172,35999999
77550173,35999999
77550174,35999999
77550175,35999999
77550176,35999999
77550177,35999999
77550178,35999999
77550179,35999999
77550180,35999999
77550181,35999999
77550182,35999999
77550183,35999999
77550184,35999999
77550185,35999999
77550186,35999999
77550187,35999999
77550188,35999999
77550189,35999999
77550190,35999999
77550191,35999999
77550192,35999999
77550193,35999999
77550194,35999999
77550195,35999999
77550196,35999999
77550197,35999999
77550198,35999999
77550199,35999999
77550200,35999999
77550201,35999999
77550202,35999999
77550203,35999999
77550204,35999999
77550205,35999999
77550206,35999999
77550207,35999999
77550208,35999999
77550209,35999999
77550210,35999999
77550211,35999999
77550212,35999999
77550213,35999999
77550214,35999999
77550215,35999999
77550216,35999999
77550217,35999999
77550218,35999999
77550219,35999999
77550220,35999999
77550221,35999999
77550222,35999999
77550223,35999999
77550224,35999999
77550225,35999999
77550226,35999999
77550227,35999999
77550228,35999999
77550229,35999999
77550230,35999999
77550231,35999999
77550232,35999999
77550233,35999999
77550234,35999999
77550235,35999999
77550236,35999999
77550237,35999999
77550238,35999999
77550239,35999999
77550240,35999999
77550241,35999999
77550242,35999999
77550243,35999999
77550244,35999999
77550245,35999999
77550246,35999999
77550247,35999999
77550248,35999999
77550249,35999999
77550250,35999999
77550251,35999999
77550252,35999999
77550253,35999999
77550254,35999999
77550255,35999999
77550256,35999999
77550257,35999999
