precinct_id,polling_location_id
77010001,8811612
77010002,8811613
77010003,8811614
77010004,8811615
77010005,8821685
77010006,8811617
77010007,8811618
77010008,8811619
77010010,8811620
77010011,8811621
77010012,8811622
77010013,8811623
77010014,8811624
77010016,8811625
77010017,8811626
77010018,8811627
77010019,8811628
77020110,8811629
77020120,8826533
77020140,8811586
77020220,8810717
77020230,8811587
77020310,8811588
77020320,8824186
77020330,8810194
77030001,8811589
77030002,8811590
77030003,8811591
77030006,8811592
77030007,8811162
77030008,8811593
77030009,8811594
77030010,8823706
77030011,8811596
77030012,8811163
77030013,8811597
77030014,8811598
77030015,8810512
77030016,8810508
77030019,8810524
77040011,8824493
77040013,8811599
77040023,8811600
77040025,8811165
77040026,8811601
77040031,8811602
77040033,8811166
77050111,8811603
77050112,8811604
77050115,8811167
77050141,8811757
77050231,8825905
77050232,8825907
77050235,8811606
77050242,8811874
77050320,8811168
77050330,8811759
77050332,8811607
77050333,8811608
77050343,8811609
77060002,8811169
77060007,8811610
77060010,8811611
77060011,8811170
77060012,8811631
77060016,8811632
77060017,8810665
77060020,8811171
77060022,8811633
77070003,8811634
77070004,8829832
77070005,8811635
77070008,8811636
77070010,8830754
77070011,8811245
77070013,8811246
77070014,8811247
77070015,8811248
77070017,8811249
77070018,8813361
77070019,8811251
77070020,8811252
77070021,8811253
77070022,8811254
77070023,8811255
77070025,8811256
77070026,8811257
77070027,8811258
77070028,8811259
77070029,8811260
77070033,8811261
77080012,8811262
77080022,8811263
77080031,8811264
77080041,8811265
77080051,8811266
77080102,8811173
77080509,8811267
77080510,8810673
77080511,8811268
77080712,8811269
77080715,8810247
77080810,8811271
77080811,8811271
77080812,8811272
77081009,8811273
77081010,8811274
77081011,8810674
77081013,8811275
77081111,8811276
77081213,8811176
77090100,8811277
77090102,8811278
77090106,8811279
77090107,8811177
77090109,8811177
77090114,8811280
77090116,8821223
77090124,8811282
77090200,8811283
77090201,8811284
77090202,8813281
77090204,8811178
77090206,8811285
77090208,8811286
77090209,8810103
77090210,8811179
77090211,8810104
77090214,8811287
77090215,8810672
77090216,8811288
77090217,8811180
77090218,8813199
77090220,8811289
77090221,8821226
77090223,8811291
77090224,8821230
77090225,8811293
77090226,8811181
77090227,8811294
77090228,8810105
77090300,8811295
77090301,8811296
77090302,8811297
77090303,8813259
77090304,8811411
77090306,8810719
77090308,8813201
77090309,8813201
77090400,8811413
77090403,8811414
77090404,8811415
77090406,8811416
77090408,8811417
77090409,8811417
77090502,8811418
77090503,8811419
77090504,8811420
77090506,8811421
77100001,8811422
77100002,8811423
77100007,8811424
77100011,8811425
77100014,8811426
77100015,8811427
77100017,8811428
77100019,8811429
77100020,8811430
77100024,8811431
77100025,8811432
77100026,8829215
77100030,8811434
77100031,8811435
77100032,8811182
77100033,8811436
77100034,8811437
77100039,8811438
77100041,8811439
77100051,8811183
77100052,8811440
77100061,8811441
77100062,8811184
77100063,8811442
77100071,8811443
77110001,8811444
77110002,8811445
77110003,8811446
77110004,8811185
77110005,8811447
77110006,8811448
77110007,8811449
77110008,8811450
77110009,8811451
77110010,8811186
77110011,8811452
77110012,8811453
77110013,8811454
77110014,8811455
77110015,8811187
77110016,8811456
77110017,8811188
77110018,8811458
77110019,8811188
77110020,8824626
77110021,8811460
77110022,8811461
77110023,8811462
77110025,8811463
77120101,8811464
77120104,8811189
77120105,8828550
77120106,8811876
77120207,8811466
77120208,8811190
77120209,8811467
77120210,8811191
77120211,8811468
77120214,8811469
77120215,8811470
77120316,8811471
77120318,8811472
77120319,8811473
77120320,8811474
77120321,8811475
77120322,8811476
77130002,8811477
77130003,8811478
77130004,8811479
77130005,8811480
77130006,8811481
77130007,8811482
77140002,8811483
77140003,8811484
77140004,8811485
77140005,8811486
77140006,8811487
77140007,8811488
77140008,8811489
77140009,8811490
77140010,8811491
77140011,8811492
77140012,8811493
77140013,8830770
77140014,8811495
77140015,8811496
77140016,8811920
77140017,8811497
77140018,8811192
77140019,8811498
77140020,8826060
77140021,8811500
77140022,8811501
77140024,8821875
77140025,8811503
77140026,8810682
77140027,8811193
77140028,8810706
77140029,8811504
77140030,8811505
77140032,8811194
77140034,8811506
77140035,8811507
77140036,8811508
77140037,8811195
77140038,8811509
77140039,8810688
77140040,8811196
77140041,8811510
77140042,8811511
77140043,8811512
77140044,8811513
77140045,8811514
77140047,8811515
77140048,8811516
77140049,8811517
77140050,8813583
77140051,8811197
77140053,8811519
77140054,8811520
77140055,8811521
77140056,8811198
77140057,8811522
77140058,8811523
77140059,8811524
77140060,8811525
77140061,8811199
77140063,8811502
77140064,8811527
77140065,8811528
77140067,8811530
77140068,8811531
77140069,8811532
77140070,8811533
77140071,8811534
77140072,8811535
77140073,8811536
77140074,8811537
77140076,8811538
77140077,8810689
77140078,8811539
77140080,8824534
77140081,8811540
77140082,8811541
77140083,8824595
77140086,8811543
77140087,8811544
77140088,8811545
77140089,8811546
77140090,8811195
77140091,8811521
77140092,8811198
77140093,8811507
77140094,8813485
77140095,8810877
77150002,8811547
77150003,8811548
77150004,8811549
77150005,8811550
77150006,8811551
77150007,8811552
77150009,8811553
77150010,8811200
77150011,8811554
77160001,8811555
77160002,8811556
77160003,8811557
77160007,8811558
77160008,8811559
77160009,8811201
77160011,8811560
77160013,8811561
77160014,8811562
77160015,8824630
77160017,8824334
77160019,8811564
77160020,8811565
77160021,8824685
77160025,8811567
77160026,8811568
77160027,8811569
77160029,8811570
77160030,8811571
77160031,8811204
77160032,8811572
77160033,8811573
77160034,8824332
77160035,8811205
77160036,8811575
77160037,8811576
77160038,8828996
77160039,8831290
77160040,8811206
77160041,8811579
77160042,8811580
77160043,8811581
77160045,8811207
77160046,8811582
77160048,8811583
77160049,8811584
77160050,8811585
77160051,8811298
77170001,8811299
77170003,8811301
77170004,8811302
77170005,8811303
77170007,8810693
77170008,8811304
77170009,8830130
77170010,8811306
77170011,8811307
77180140,8811308
77180320,8810690
77180410,8811309
77180520,8811310
77180611,8811311
77180612,8811312
77180621,8811313
77180622,8811314
77180710,8811315
77180810,8811317
77180820,8811318
77180910,8811319
77190111,8811320
77190112,8813827
77190121,8810218
77190122,8829101
77190131,8811323
77190132,8811324
77190142,8811208
77190143,8811325
77190211,8811326
77190221,8811327
77190231,8811209
77190241,8811328
77190311,8811329
77190401,8811210
77190402,8829103
77190403,8811331
77190404,8811332
77190405,8811333
77190406,8811211
77190407,8811334
77190408,8811335
77190409,8811336
77190410,8825976
77190411,8811337
77190412,8825996
77190413,8811213
77190414,8811339
77190415,8811340
77190416,8810685
77190417,8811341
77190418,8811214
77190419,8811342
77190420,8811343
77190421,8811344
77190422,8811215
77200001,8811345
77200003,8811346
77200005,8811347
77200007,8811216
77200012,8811348
77200013,8811349
77200018,8811350
77200019,8811351
77200020,8811352
77200021,8811353
77200022,8813141
77200023,8811354
77200026,8811355
77210001,8824567
77210002,8811357
77210003,8811358
77210004,8811359
77210005,8811360
77210006,8811361
77210007,8811362
77210008,8811363
77210009,8811364
77210010,8810175
77210011,8811365
77210012,8811366
77210014,8811367
77210015,8811368
77210016,8811369
77210017,8811370
77210018,8811371
77210019,8811372
77210020,8811373
77210021,8811374
77210022,8811375
77210023,8811376
77220001,8811377
77220002,8811378
77220003,8811379
77220004,8811380
77220005,8811381
77220007,8811383
77220008,8811217
77220009,8811384
77220010,8811385
77230001,8811386
77230003,8810662
77230004,8811387
77230006,8811218
77230007,8811388
77230008,8811389
77230009,8811390
77240101,8811219
77240102,8821390
77240103,8811391
77240104,8811392
77240105,8811393
77240106,8811394
77240107,8811220
77240108,8811395
77240109,8811396
77240110,8811397
77240201,8811398
77240202,8811221
77240203,8811399
77240204,8811400
77240206,8811401
77240207,8811222
77240208,8823871
77240210,8826069
77240211,8823873
77240212,8811404
77240301,8811405
77240302,8810723
77240304,8811406
77240305,8811224
77240306,8811407
77240307,8811408
77240308,8811409
77240309,8811410
77240310,8810206
77240311,8810207
77250001,8810208
77250002,8810209
77250003,8810210
77250005,8810211
77250006,8811760
77250007,8810212
77250008,8810213
77250009,8810214
77250013,8810217
77250015,8810219
77250016,8810220
77250017,8810221
77250018,8810222
77250020,8810223
77250021,8810224
77250024,8810225
77250025,8810226
77260001,8810227
77260002,8810228
77260003,8810229
77260005,8811225
77260006,8810230
77260008,8810231
77260009,8810232
77260011,8810686
77260016,8810233
77260017,8810234
77260020,8811875
77260021,8810235
77260023,8811226
77260025,8811227
77260026,8810236
77260027,8810237
77260028,8810238
77260029,8811228
77260031,8810239
77260032,8810240
77260033,8811229
77260035,8810241
77260036,8810242
77260037,8810243
77260038,8811230
77260039,8810244
77260040,8810245
77260041,8810246
77270011,8810248
77270017,8810249
77270023,8810250
77270025,8810251
77270026,8811232
77270029,8810252
77270030,8810253
77280101,8811233
77280102,8810254
77280103,8810255
77280105,8810257
77280106,8810258
77280202,8810263
77280203,8810264
77280302,8810265
77290101,8810266
77290102,8810182
77290201,8810267
77290203,8810268
77290204,8810269
77290301,8810270
77290302,8810271
77300201,8813905
77300203,8810274
77300301,8810275
77300302,8810276
77300303,8810277
77300402,8810678
77310007,8810279
77310009,8810281
77310011,8830357
77310015,8810721
77310016,8810284
77310019,8810285
77310023,8810286
77310027,8811234
77310030,8810288
77310031,8810289
77310032,8811235
77320011,8810290
77320012,8811236
77320016,8810291
77320018,8810292
77320019,8811756
77320020,8810293
77320021,8810294
77320022,8821475
77320023,8811237
77320030,8810296
77320031,8810297
77320032,8810298
77320033,8810299
77320034,8811238
77320035,8810300
77330001,8810301
77330002,8810302
77330003,8810303
77330006,8811239
77330007,8810305
77330010,8810307
77330014,8810309
77330016,8810310
77330017,8810311
77330018,8810312
77330019,8810313
77330020,8811240
77330021,8810314
77330023,8810315
77330024,8810316
77340001,8810317
77340002,8810323
77340003,8810319
77340004,8811873
77340005,8810320
77340006,8810321
77340007,8810322
77340008,8810323
77340009,8810324
77340010,8810325
77350001,8813241
77350002,8810326
77350003,8810327
77350004,8810328
77350005,8826062
77350006,8810330
77350007,8810333
77350008,8810331
77350009,8810332
77350010,8810333
77350011,8810334
77350012,8810335
77350013,8810336
77350014,8810337
77360001,8810338
77360101,8810340
77360103,8810341
77360202,8810342
77360205,8810343
77360206,8810344
77360400,8810345
77360401,8810346
77360403,8810347
77360404,8810348
77360406,8810349
77360407,8810843
77360409,8810350
77360411,8810351
77360412,8810352
77360413,8810353
77360419,8810354
77360420,8810355
77360503,8810356
77360507,8811242
77360516,8810357
77360517,8811642
77360527,8810358
77360530,8811243
77360532,8811643
77360533,8810359
77360534,8810360
77360535,8810361
77370101,8811244
77370102,8810362
77370103,8810363
77370105,8810364
77370106,8810365
77370201,8810366
77370203,8810367
77370204,8810368
77370301,8810369
77370302,8810557
77370303,8810370
77370304,8810371
77370305,8810558
77370306,8810203
77380001,8810725
77380002,8810372
77380004,8810373
77380005,8810374
77380006,8810559
77380007,8811231
77380008,8810375
77380009,8811753
77380010,8810376
77380011,8810193
77380014,8810377
77380015,8810378
77380016,8810379
77380022,8810380
77390001,8810381
77390002,8810382
77390003,8810660
77390004,8810383
77390005,8810384
77390006,8810385
77390007,8810386
77390008,8823684
77390009,8810388
77390010,8810389
77390011,8810390
77390012,8810391
77400101,8810392
77400102,8810393
77400103,8810394
77400104,8810395
77400105,8810396
77400106,8810397
77400107,8810398
77400108,8828067
77400109,8810400
77400110,8810401
77400111,8810402
77400112,8810403
77400113,8810404
77400114,8811752
77400201,8810405
77400202,8810406
77400203,8811732
77400204,8810560
77400205,8810668
77400207,8810407
77400208,8810408
77400210,8810409
77400211,8811682
77400212,8810410
77400213,8810411
77400214,8810561
77400215,8810412
77400301,8810413
77400302,8810414
77400303,8810415
77400304,8810416
77400305,8810562
77400306,8813803
77400309,8810418
77400310,8810419
77400311,8810563
77400312,8810420
77410001,8810421
77410002,8810422
77410003,8810423
77410004,8810424
77410005,8810564
77410006,8823627
77410007,8810425
77410008,8810426
77410009,8810427
77410010,8810565
77410011,8810428
77410012,8810429
77410013,8824689
77410015,8810431
77410016,8810432
77410017,8810433
77410018,8810567
77410019,8810434
77410020,8810435
77410021,8810568
77410022,8811755
77420101,8810436
77420102,8810437
77420103,8810438
77420104,8810439
77420105,8810440
77420106,8810441
77420201,8810714
77420203,8810442
77420204,8810443
77420205,8810444
77420206,8810445
77420207,8810446
77420301,8810447
77420302,8810448
77420303,8810449
77420304,8810450
77420305,8810451
77420306,8810452
77420307,8810453
77420308,8810454
77420309,8810455
77420310,8810202
77430101,8824614
77430102,8810457
77430103,8810458
77430204,8810459
77430205,8810460
77430206,8810461
77430207,8810462
77430208,8810463
77430310,8810464
77430311,8810465
77430312,8810466
77430313,8810467
77440001,8810691
77440002,8810468
77440003,8810469
77440004,8810569
77440005,8810470
77440006,8810471
77440007,8810570
77440008,8810472
77440009,8823209
77440010,8810474
77440011,8810475
77440012,8810476
77440013,8810571
77440014,8810477
77440015,8810478
77440016,8810479
77440017,8810572
77440018,8810480
77440019,8810481
77440020,8810692
77440021,8810482
77440023,8810483
77440024,8810484
77440026,8811922
77440027,8811923
77440028,8811924
77450002,8810485
77450004,8810486
77450005,8810574
77450006,8810487
77450008,8810488
77450009,8810489
77450011,8810490
77450012,8810575
77450013,8810491
77450014,8811644
77450015,8810492
77450017,8810576
77450018,8810493
77450019,8810715
77450020,8810494
77450022,8810577
77450023,8810495
77450024,8810496
77450025,8810497
77450026,8810498
77450027,8810499
77450028,8810679
77450029,8810500
77450031,8822826
77450033,8810502
77450034,8810503
77450035,8810504
77450036,8810505
77450037,8810506
77450038,8810507
77460102,8810509
77460103,8810510
77460104,8810511
77460201,8810513
77460203,8810514
77460205,8810515
77460307,8810516
77460310,8810517
77460311,8810518
77460312,8810519
77460313,8810520
77460314,8810521
77460315,8810522
77460316,8810523
77470002,8810525
77470004,8810526
77470009,8810528
77470010,8810529
77470015,8810698
77470016,8811921
77470020,8810530
77470022,8810531
77480101,8810532
77480102,8810710
77480105,8810533
77480106,8810579
77480201,8810534
77480202,8810535
77480204,8810536
77480206,8810537
77480302,8828355
77480303,8810538
77480304,8810539
77490011,8810581
77490012,8810540
77490014,8810541
77490015,8810542
77490016,8825405
77490020,8810543
77490021,8810582
77490022,8810544
77490023,8810545
77490024,8810546
77490025,8811822
77490026,8810566
77490027,8810573
77490031,8810583
77490034,8829792
77490036,8810548
77490037,8810556
77490038,8810556
77490039,8810549
77490101,8810550
77490121,8810551
77490122,8810578
77490130,8810552
77490132,8810553
77490241,8810554
77490242,8810000
77490311,8810001
77500004,8810002
77500005,8810003
77500007,8810004
77500009,8810005
77500012,8810006
77500014,8810007
77500015,8810008
77500017,8810009
77500018,8810010
77500020,8810011
77510005,8810012
77510007,8810013
77510009,8810014
77510011,8810015
77510013,8810016
77510017,8810017
77510021,8810018
77510022,8813787
77510023,8810020
77510028,8810021
77510033,8810022
77510036,8810023
77510037,8810024
77510038,8810025
77510040,8810026
77510041,8810027
77510044,8810028
77510045,8810029
77510046,8810030
77510047,8810031
77510049,8810032
77510050,8810033
77510051,8810034
77510052,8810585
77510053,8823394
77510055,8810036
77510056,8810037
77510057,8810586
77510058,8810586
77510059,8810037
77510060,8810038
77510061,8810039
77510064,8810040
77520101,8810587
77520102,8810041
77520103,8810042
77520104,8810043
77520105,8810044
77520106,8810848
77520201,8810588
77520202,8810045
77520203,8810046
77520301,8810047
77520305,8810048
77520307,8810049
77530101,8810050
77530102,8810051
77530103,8810052
77530201,8810589
77530202,8810053
77530203,8810054
77530204,8810590
77530301,8810055
77530302,8821521
77530303,8810057
77530304,8810591
77540101,8825495
77540102,8825497
77540103,8810060
77540105,8813823
77540206,8810063
77540207,8810707
77540208,8810064
77540209,8810065
77540210,8810066
77540311,8810067
77540312,8810718
77540313,8810068
77540314,8810069
77550001,8811811
77550002,8811808
77550003,8811804
77550004,8811807
77550005,8811810
77550006,8811809
77550007,8811803
77550008,8811806
77550009,8811638
77550010,8811734
77550011,8811639
77550012,8811815
77550013,8811641
77550014,8811814
77550015,8811646
77550016,8811647
77550017,8811813
77550018,8811845
77550019,8811648
77550020,8811801
77550021,8811849
77550022,8811844
77550023,8811649
77550024,8811843
77550025,8811841
77550026,8811842
77550027,8811800
77550028,8811175
77550029,8811174
77550030,8811915
77550031,8810256
77550032,8811650
77550033,8811786
77550034,8811863
77550035,8811901
77550036,8811872
77550037,8811651
77550038,8811860
77550039,8811652
77550040,8811653
77550041,8811859
77550042,8811878
77550043,8811877
77550044,8811879
77550045,8811880
77550046,8811654
77550047,8811851
77550048,8811655
77550049,8811852
77550050,8811656
77550051,8811861
77550052,8811882
77550053,8811657
77550054,8811853
77550055,8811658
77550056,8811850
77550057,8811914
77550058,8811659
77550059,8811906
77550060,8811858
77550061,8811660
77550062,8811857
77550063,8811907
77550064,8811908
77550065,8811913
77550066,8811661
77550067,8811662
77550068,8811663
77550069,8811847
77550070,8811664
77550071,8811846
77550072,8811797
77550073,8811665
77550074,8810259
77550075,8811666
77550076,8811793
77550077,8811667
77550078,8811794
77550079,8810260
77550080,8811787
77550081,8811788
77550082,8810106
77550083,8811668
77550084,8811791
77550085,8811203
77550086,8811669
77550087,8811789
77550088,8811670
77550089,8811795
77550090,8811672
77550091,8810260
77550092,8810261
77550093,8811796
77550094,8811673
77550095,8811790
77550096,8811674
77550097,8811792
77550098,8811675
77550099,8811886
77550100,8811676
77550101,8811887
77550102,8811896
77550103,8811916
77550104,8811854
77550105,8811677
77550106,8811856
77550107,8811678
77550108,8811799
77550109,8811679
77550110,8811904
77550111,8811881
77550112,8811903
77550113,8811782
77550114,8811680
77550115,8811783
77550116,8811681
77550117,8811781
77550118,8811687
77550119,8811776
77550120,8811688
77550121,8811902
77550122,8811900
77550123,8811689
77550124,8811899
77550125,8811690
77550126,8811862
77550127,8811691
77550128,8811871
77550129,8811692
77550130,8811870
77550131,8811693
77550132,8811735
77550133,8811694
77550134,8811895
77550135,8811869
77550136,8811855
77550137,8811695
77550138,8811917
77550139,8811868
77550140,8811696
77550141,8811864
77550142,8811889
77550143,8811891
77550144,8811894
77550145,8811897
77550146,8811898
77550147,8811893
77550148,8811892
77550149,8811890
77550150,8811866
77550151,8811865
77550152,8811529
77550153,8811412
77550154,8811888
77550155,8811884
77550156,8811883
77550157,8811905
77550158,8811867
77550159,8811683
77550160,8811802
77550161,8811812
77550162,8811697
77550163,8811805
77550164,8811698
77550165,8811824
77550166,8811699
77550167,8811700
77550168,8811816
77550169,8811701
77550170,8811768
77550171,8811702
77550172,8811767
77550173,8810318
77550174,8810308
77550175,8810304
77550176,8810306
77550177,8810339
77550178,8813927
77550179,8811703
77550180,8811885
77550181,8810272
77550182,8810527
77550183,8811769
77550184,8811704
77550185,8811705
77550186,8811770
77550187,8811706
77550188,8811909
77550189,8811910
77550190,8811772
77550191,8811707
77550192,8811771
77550193,8811708
77550194,8811773
77550195,8811709
77550196,8811710
77550197,8811774
77550198,8811711
77550199,8811777
77550200,8811712
77550201,8811775
77550202,8811713
77550203,8811714
77550204,8811778
77550205,8811912
77550206,8811911
77550207,8811715
77550208,8811825
77550209,8811716
77550210,8811828
77550211,8811717
77550212,8811827
77550213,8811718
77550214,8811719
77550215,8811835
77550216,8811720
77550217,8811836
77550218,8811721
77550219,8811834
77550220,8811722
77550221,8811723
77550222,8811832
77550223,8811724
77550224,8811829
77550225,8811725
77550226,8811830
77550227,8811733
77550228,8811831
77550229,8811738
77550230,8811739
77550231,8811833
77550232,8811740
77550233,8811837
77550234,8811741
77550235,8811826
77550236,8811798
77550237,8811742
77550238,8811743
77550239,8811744
77550240,8811784
77550241,8811745
77550242,8811779
77550243,8811746
77550244,8811785
77550245,8811747
77550246,8811780
77550247,8811838
77550248,8811748
77550249,8811749
77550250,8811839
77550251,8811750
77550252,8811840
77550253,8811751
77550254,8811848
77550255,8811736
77550256,8811737
77550257,8811776
77560001,8810111
77560002,8810694
77560004,8810112
77560005,8810113
77560006,8810114
77560007,8810115
77560008,8810116
77560009,8810117
77560010,8810118
77560011,8810119
77560012,8810695
77560013,8810120
77560014,8810121
77560015,8810122
77560016,8810123
77560018,8810124
77560019,8810125
77560020,8810126
77560021,8810696
77560026,8810127
77560027,8810128
77560029,8810594
77560031,8810129
77560032,8810697
77560033,8810595
77560034,8810130
77560035,8810131
77560036,8810132
77560038,8810596
77570101,8810133
77570102,8810134
77570103,8810135
77570105,8810136
77570106,8810137
77570107,8810138
77570108,8810597
77570109,8810139
77570110,8810140
77570111,8810141
77570112,8813643
77570113,8810135
77570201,8810143
77570202,8810144
77570203,8822788
77570204,8810145
77570205,8810146
77570301,8810600
77570302,8810147
77570303,8810148
77570305,8810601
77570306,8810149
77570307,8810150
77570308,8810151
77570309,8810152
77570310,8810153
77570311,8810216
77570312,8810215
77580002,8810154
77580003,8810155
77580004,8810852
77580005,8810156
77580007,8810157
77580008,8810158
77580009,8810159
77580011,8810160
77580012,8810161
77580014,8810162
77580023,8810163
77580024,8810164
77580025,8810165
77580026,8810166
77580028,8810167
77580031,8810168
77580034,8810169
77590104,8810170
77590111,8810171
77590112,8810172
77590118,8810661
77590202,8810173
77590215,8810174
77590217,8810724
77590307,8810176
77590309,8810177
77590314,8810602
77600001,8810178
77600002,8810179
77600003,8827111
77600004,8810607
77600005,8811763
77600006,8810183
77600007,8810184
77600008,8810185
77600009,8811762
77600010,8810704
77600011,8810603
77600012,8811761
77600013,8810186
77600014,8810704
77600015,8810188
77600016,8810604
77600101,8810605
77600102,8811764
77600103,8811765
77600104,8810192
77600201,8810606
77600301,8810195
77600401,8810196
77600402,8811766
77600403,8827680
77600404,8810608
77600405,8810198
77600406,8810199
77600407,8810200
77600408,8810608
77600409,8810201
77610001,8810204
77610003,8810205
77610004,8820533
77610005,8810728
77610006,8810278
77610007,8810729
77610008,8824400
77610011,8824442
77610014,8824397
77610015,8810733
77610019,8824803
77610020,8810735
77610021,8810736
77610023,8810737
77610026,8810738
77610027,8810739
77610028,8810740
77610029,8810741
77610030,8810742
77610031,8810743
77610032,8810744
77610033,8810745
77610034,8810746
77610035,8810747
77610036,8810748
77610037,8810749
77610038,8810750
77610039,8810751
77610040,8810280
77610041,8810752
77610042,8810753
77610043,8810754
77610044,8810755
77610045,8810756
77610046,8810757
77610047,8810758
77610048,8810609
77610049,8810759
77610051,8810760
77610052,8810287
77610053,8810282
77620013,8810610
77620016,8810761
77620022,8810762
77620025,8810763
77620031,8810764
77620051,8810765
77620052,8810766
77620053,8810611
77620054,8810767
77620055,8810768
77620056,8810612
77620058,8810769
77620059,8810770
77620060,8810613
77620061,8810771
77620062,8810772
77620063,8810614
77620064,8810773
77620065,8810774
77620066,8810615
77620067,8810775
77630001,8810101
77630002,8810776
77630003,8810777
77630006,8810778
77630007,8810779
77630009,8810699
77630011,8810617
77630012,8810780
77630013,8810781
77630015,8810782
77630018,8810783
77630021,8810784
77630022,8810102
77630024,8810785
77630025,8810786
77630026,8810787
77630027,8810788
77630029,8810789
77630030,8810790
77630031,8810700
77630033,8810791
77630037,8810792
77630038,8810793
77630040,8810794
77630041,8810795
77630042,8810701
77640001,8810796
77640002,8810797
77640003,8810798
77640004,8810799
77640005,8810800
77640007,8810801
77640008,8810802
77640009,8810803
77640010,8810804
77640011,8810805
77640012,8810806
77640013,8810807
77640014,8810808
77640015,8810618
77640016,8810809
77640017,8810810
77650101,8810811
77650102,8810812
77650103,8810813
77650201,8810619
77650202,8810814
77650203,8810815
77650301,8825929
77650302,8810817
77650303,8810818
77660001,8810822
77660002,8810620
77660003,8810819
77660004,8810820
77660005,8813245
77660006,8813249
77660007,8810621
77660008,8810821
77660009,8810827
77660010,8810823
77660011,8810622
77660012,8810824
77660013,8810825
77660014,8811819
77660015,8810826
77660017,8813255
77660018,8810828
77660019,8810829
77660020,8810830
77660021,8810625
77660022,8810623
77660023,8810831
77660024,8810832
77660025,8810833
77660026,8810624
77660027,8810667
77660029,8810834
77660030,8810835
77660031,8813247
77660032,8810836
77660033,8813251
77660110,8813253
77660116,8810838
77660120,8810839
77660128,8810840
77660130,8810841
77670010,8810842
77670012,8810844
77670014,8810845
77670015,8810846
77670020,8810847
77670022,8823947
77670023,8810849
77670024,8823537
77670025,8823537
77670030,8810851
77670032,8810853
77670033,8810593
77670034,8810854
77670035,8810716
77680101,8810855
77680102,8810856
77680103,8810857
77680104,8810858
77680105,8810859
77680106,8810860
77680201,8810861
77680202,8810862
77680203,8810722
77680204,8810863
77680205,8810864
77680206,8810865
77680207,8810866
77680208,8810867
77680209,8810868
77680210,8810869
77680301,8810871
77680302,8810626
77680303,8810872
77680304,8810873
77680305,8810627
77680306,8811645
77680307,8810874
77680308,8810875
77680309,8810628
77680310,8810876
77690001,8810878
77690003,8810879
77690004,8810880
77690008,8810629
77690012,8810881
77690013,8810882
77690014,8810883
77690015,8811925
77690016,8810884
77690019,8810885
77690032,8810886
77690033,8814305
77690041,8810888
77690049,8811927
77690050,8810889
77690051,8810890
77690052,8811926
77690053,8810630
77690054,8810891
77690055,8810892
77690056,8810893
77690057,8821433
77690058,8810895
77690059,8810631
77690060,8811928
77690061,8810896
77690062,8810897
77690063,8810898
77700101,8831330
77700102,8810900
77700104,8810901
77700107,8810902
77700201,8810903
77700202,8813891
77700205,8810905
77700302,8823335
77700303,8810907
77700304,8810908
77700305,8823318
77710001,8810910
77710002,8811919
77710003,8810911
77710004,8810912
77710006,8810913
77710007,8810708
77710009,8810914
77710010,8810915
77710012,8810916
77720001,8810917
77720002,8810918
77720003,8810919
77720004,8810920
77720005,8810921
77720006,8810922
77720007,8825978
77720008,8810923
77720009,8810924
77720010,8810925
77720011,8813943
77720012,8810927
77720013,8810632
77720014,8810928
77720015,8810929
77720016,8810930
77720017,8810931
77720018,8810932
77720019,8810633
77720020,8830299
77720021,8810934
77720022,8810935
77720023,8810675
77720024,8813949
77720025,8810936
77720026,8825843
77720027,8810938
77720028,8810939
77720029,8810635
77720030,8810940
77720031,8810941
77720032,8810942
77720033,8810943
77720034,8824083
77720035,8810944
77720036,8813957
77720037,8810945
77720038,8810946
77720039,8810947
77720040,8810637
77720041,8810948
77720042,8810949
77720043,8811685
77720044,8810950
77720045,8811754
77720046,8810638
77720047,8829330
77720048,8829332
77720049,8810953
77720050,8810954
77720051,8810639
77720052,8810955
77720053,8810956
77720054,8810957
77720055,8810958
77720056,8810959
77720057,8810960
77720058,8810961
77720059,8828770
77720060,8810963
77720061,8825284
77720062,8810965
77720063,8810966
77720064,8810967
77720065,8810968
77720066,8810969
77720067,8824178
77720068,8810971
77720069,8810726
77720070,8811686
77720071,8810972
77720072,8810973
77720073,8810974
77720074,8811820
77720075,8810975
77720076,8810976
77720077,8828655
77720078,8810978
77720079,8810680
77720080,8810979
77720081,8810980
77720082,8810663
77720083,8810981
77720084,8810982
77720085,8810983
77720086,8823223
77720087,8810985
77720088,8810713
77720089,8810986
77720090,8828911
77720091,8810988
77720092,8810989
77720093,8810990
77720094,8810991
77720095,8831231
77720096,8823407
77720097,8810676
77720098,8810994
77720099,8810995
77720100,8810996
77720101,8823687
77720102,8823689
77720103,8829011
77720104,8827174
77720105,8811000
77720106,8811001
77720107,8810641
77720108,8811002
77720109,8830190
77720110,8811004
77720111,8811005
77720112,8810642
77720113,8811006
77720114,8811007
77720115,8811008
77720116,8811009
77720117,8811010
77720118,8830992
77720119,8811011
77720120,8829110
77720121,8810684
77720122,8811013
77720123,8811014
77720124,8810644
77720125,8811015
77720126,8811016
77720127,8811017
77720128,8811018
77720129,8810645
77720130,8811019
77720131,8811020
77720132,8810677
77720133,8811021
77720134,8823973
77720135,8825903
77720136,8829070
77720137,8811025
77720138,8811026
77720139,8811027
77720140,8830930
77720141,8831374
77720142,8811030
77720143,8811031
77720144,8811032
77720145,8811033
77720146,8823391
77720147,8811034
77720148,8811035
77720149,8811036
77720150,8811037
77720151,8811038
77720152,8811039
77720153,8828492
77720154,8811041
77720155,8811042
77720156,8811043
77720157,8811044
77720158,8811045
77720159,8811046
77720160,8810666
77720161,8811047
77720162,8811048
77720163,8811049
77720164,8811050
77720165,8811051
77720166,8811052
77720167,8811053
77720168,8811054
77720169,8811055
77720170,8811056
77720171,8821825
77720172,8811058
77720173,8811817
77720351,8811060
77720352,8811061
77720353,8811062
77720354,8810107
77720355,8811061
77720356,8810108
77720400,8810647
77720401,8811063
77720402,8811064
77720403,8823196
77720404,8810648
77720405,8811066
77720406,8811067
77720407,8811068
77720408,8811069
77720409,8811730
77720410,8810109
77720411,8810664
77720451,8810709
77720452,8810649
77720453,8810720
77720454,8811070
77720455,8811071
77720456,8823851
77720457,8810650
77720458,8826230
77720459,8811074
77720460,8811075
77720461,8811076
77720462,8811077
77720463,8823853
77720464,8810671
77720465,8811079
77720466,8811080
77720467,8814291
77720468,8811081
77720469,8811082
77720470,8811083
77720471,8811084
77720472,8811085
77720473,8811086
77720474,8811087
77720475,8813121
77720476,8811076
77720501,8811088
77720502,8811089
77720503,8811090
77720504,8811729
77720551,8811091
77720552,8811092
77720553,8811918
77720700,8811728
77720701,8813963
77720702,8811094
77720703,8811095
77720704,8810712
77720705,8811096
77720706,8810711
77720707,8811097
77720708,8811098
77720709,8810110
77720710,8813126
77720750,8811099
77720751,8811100
77720752,8810683
77720753,8811101
77720754,8824153
77720755,8811103
77720756,8811104
77720757,8811105
77720758,8811106
77720759,8811727
77720760,8811726
77720801,8831410
77720802,8829471
77720851,8811109
77720852,8811110
77720853,8811111
77720854,8811112
77720855,8810651
77720856,8811113
77720857,8821578
77720858,8811115
77720880,8811116
77720881,8810652
77720900,8811117
77730101,8810081
77730102,8810079
77730103,8810088
77730105,8810080
77730106,8810090
77730107,8810089
77730108,8810083
77730109,8810097
77730201,8810084
77730202,8810076
77730203,8810094
77730204,8810071
77730205,8810070
77730206,8810061
77730207,8810074
77730208,8810073
77730209,8810072
77730210,8810095
77730301,8810092
77730302,8810087
77730303,8810093
77730304,8810086
77730305,8810091
77730306,8810085
77730307,8810099
77730308,8820870
77730309,8810098
77730310,8810078
77730311,8810077
77730312,8810075
77730313,8810096
77740011,8811118
77740012,8811119
77740013,8811120
77740015,8811121
77740022,8811122
77740027,8811123
77740028,8811124
77740031,8811125
77740033,8811126
77740046,8811127
77740048,8811128
77740051,8811129
77740054,8811130
77740062,8811131
77740071,8813983
77740073,8811133
77740074,8811134
77740075,8811821
77740076,8811135
77740077,8811136
77740078,8811137
77740079,8811138
77740711,8826400
77750003,8811140
77750004,8810653
77750007,8811141
77750009,8811142
77750012,8811143
77750014,8811731
77750016,8811144
77750017,8810654
77750018,8811145
77750019,8811146
77750020,8810655
77750030,8811147
77760001,8811148
77760002,8810670
77760003,8825243
77760004,8810656
77760005,8811150
77760008,8811152
77770101,8811153
77770102,8810657
77770104,8810191
77770105,8811154
77770106,8811155
77770201,8810658
77770202,8811156
77770203,8811157
77770204,8811158
77770301,8810189
77770302,8810659
77770303,8810190
77770304,8811159
77770306,8811160
77770307,8811161
